Sumabalas-MacBook-Pro-4:Task1_CreateAccounts suma$ npm start

> task1_createaccounts@1.0.0 start
> node scripts/createAccounts.js

------ Creating 5 accounts -----
ACCOUNT1_ID=0.0.4090709
ACCOUNT1_PRIVATE_KEY=302e020100300506032b657004220420a47138e9b7123e50a68a9424b88a47ea76c352c8a0c9a693c3a337489b6e9e9b
ACCOUNT1_PUBLIC_KEY=302a300506032b65700321004a1d7c25574f958b6c11944e41b81c76c768f9626a997b0f78825813ae9017bc
Account 0.0.4090709 balance = 20000000000 tinybars
ACCOUNT2_ID=0.0.4090710
ACCOUNT2_PRIVATE_KEY=302e020100300506032b6570042204207f989343ccd9e414247de86d3f41d71906c91a27c7fdbd1e023631f76f477b4e
ACCOUNT2_PUBLIC_KEY=302a300506032b65700321003b0078989278705e2945f00d2f61dac930d9e752d669a69867873e22d8f2fa06
Account 0.0.4090710 balance = 20000000000 tinybars
ACCOUNT3_ID=0.0.4090713
ACCOUNT3_PRIVATE_KEY=302e020100300506032b657004220420d85afc3dd3c4507d37f8775bd61e084079ef1e05a1fdd762250a8833426f24af
ACCOUNT3_PUBLIC_KEY=302a300506032b6570032100b4a7e8976f8566c53a2e2fca08605310fdab18d6fc35988a55cf374556beb960
Account 0.0.4090713 balance = 20000000000 tinybars
ACCOUNT4_ID=0.0.4090715
ACCOUNT4_PRIVATE_KEY=302e020100300506032b657004220420bc0ceb8d27136eb7dce4c442ad64f7cd863a2e3b765d6209750b155413d1ff93
ACCOUNT4_PUBLIC_KEY=302a300506032b657003210061bbdbd84fa06b2cb9f43f16e08a30ff2da9e0f3ffdeb991f4683c34df7b4d90
Account 0.0.4090715 balance = 20000000000 tinybars
ACCOUNT5_ID=0.0.4090716
ACCOUNT5_PRIVATE_KEY=302e020100300506032b657004220420f2ffac766c2283152b60d719c0f549b70326c8f2cffdedde8a83a63ffd756204
ACCOUNT5_PUBLIC_KEY=302a300506032b65700321001e9a49d04cd67cc111c8da18f0a2f048bdc4ccc0b9441f76ae7c492647218f2a
Account 0.0.4090716 balance = 20000000000 tinybars
Sumabalas-MacBook-Pro-4:Task1_CreateAccounts suma$